[[  16.    4.    2.   65.   47.  122.    1.    6.   29.   10.    7.    1.
   310.   38.   44.   38.   12.   16.    9.    4.    0.    5.    0.]
 [   4.    0.    1.    8.    6.   34.    1.    5.    5.    2.    2.    1.
    45.    5.    8.    6.    3.    4.    4.    2.    0.    0.    0.]
 [   2.    1.    0.    5.    4.   15.    0.    3.    1.    0.    2.    0.
    14.    3.    1.    4.    0.    0.    0.    2.    0.    0.    0.]
 [  65.    8.    5.   48.   80.  176.    2.    9.   39.   12.   13.    8.
   499.   84.   54.   62.   29.   32.   17.   17.    0.    9.    0.]
 [  47.    6.    4.   80.   14.  102.    0.    8.   19.    9.    6.    3.
   267.   45.   31.   32.   12.   16.   14.   13.    0.    2.    0.]
 [ 122.   34.   15.  176.  102.  206.    3.   37.   81.   18.   21.   14.
   858.  103.  108.   95.   31.   55.   34.   25.    0.   10.    0.]
 [   1.    1.    0.    2.    0.    3.    0.    0.    1.    1.    2.    0.
     7.    0.    2.    0.    1.    0.    0.    0.    0.    0.    0.]
 [   6.    5.    3.    9.    8.   37.    0.    3.    7.    3.    2.    0.
    38.    6.    6.    5.    1.    1.    1.    4.    0.    0.    0.]
 [  29.    5.    1.   39.   19.   81.    1.    7.    3.    6.    2.    2.
   147.   25.   25.   22.    5.   10.    6.    4.    0.    3.    0.]
 [  10.    2.    0.   12.    9.   18.    1.    3.    6.    1.    1.    0.
    39.    3.    6.    6.    2.    1.    1.    1.    0.    2.    0.]
 [   7.    2.    2.   13.    6.   21.    2.    2.    2.    1.    0.    1.
    45.    5.    5.    5.    2.    2.    0.    2.    0.    1.    0.]
 [   1.    1.    0.    8.    3.   14.    0.    0.    2.    0.    1.    0.
    26.    3.    2.    1.    2.    2.    1.    1.    0.    0.    0.]
 [ 310.   45.   14.  499.  267.  858.    7.   38.  147.   39.   45.   26.
   987.  315.  257.  256.  100.  128.   83.   50.    0.   25.    0.]
 [  38.    5.    3.   84.   45.  103.    0.    6.   25.    3.    5.    3.
   315.   11.   33.   42.   17.   18.   15.   10.    0.    2.    0.]
 [  44.    8.    1.   54.   31.  108.    2.    6.   25.    6.    5.    2.
   257.   33.    5.   26.   17.   14.   10.    5.    0.    2.    0.]
 [  38.    6.    4.   62.   32.   95.    0.    5.   22.    6.    5.    1.
   256.   42.   26.    2.   10.   15.   10.    5.    0.    3.    0.]
 [  12.    3.    0.   29.   12.   31.    1.    1.    5.    2.    2.    2.
   100.   17.   17.   10.    0.    6.    8.    4.    0.    1.    0.]
 [  16.    4.    0.   32.   16.   55.    0.    1.   10.    1.    2.    2.
   128.   18.   14.   15.    6.    1.    9.    2.    0.    1.    0.]
 [   9.    4.    0.   17.   14.   34.    0.    1.    6.    1.    0.    1.
    83.   15.   10.   10.    8.    9.    1.    3.    0.    0.    0.]
 [   4.    2.    2.   17.   13.   25.    0.    4.    4.    1.    2.    1.
    50.   10.    5.    5.    4.    2.    3.    0.    0.    0.    0.]
 [   0.    0.    0.    0.    0.    0.    0.    0.    0.    0.    0.    0.
     0.    0.    0.    0.    0.    0.    0.    0.    0.    0.    0.]
 [   5.    0.    0.    9.    2.   10.    0.    0.    3.    2.    1.    0.
    25.    2.    2.    3.    1.    1.    0.    0.    0.    0.    0.]
 [   0.    0.    0.    0.    0.    0.    0.    0.    0.    0.    0.    0.
     0.    0.    0.    0.    0.    0.    0.    0.    0.    0.    0.]]